
// setSetup
setSetup.php?r=2,3,4,5,6&v=192.168.236.2,80,1,10,300

// add FC
setDevice.php?n=0&v=fc,1,1,1,19200,8,E,1,120,10800,30,10

// add Regs
setParam.php?n=1&r=1610,1612,1613,1614,1617,1622,1630,1634,1639,1660,1900,1901,1902,1903,1904,1908,1909,1910,1912,1915,1917,1918,1922,1923,1924,1925,1926,1927,1928,1931,1945,1946,1947,1951,1956,1957,1959,1969,1971,1991,1995,1997,1998,1999&v=3,5,5,3,3,2,5,2,2,5,6,6,6,6,6,6,6,6,6,6,3,6,6,6,6,6,6,6,3,6,6,6,6,6,6,6,6,6,6,3,6,6,6,3&m=0,0,0,0,0,0,0,1,1,0,1,1,1,1,1,1,1,1,1,1,1,1,1,1,1,1,1,1,1,1,1,1,1,1,1,1,0,1,1,0,1,0,0,0

// add Osc
setOscParam.php?n=1&r=1614,1617,1622,1991

// add MERCURY
setDevice.php?n=0&v=MERCURY,1,3,1,9600,8,N,1,3600

